0
0
0
0
0
0
0
0
0
0
0
0
0
0
0
0
0
0
0
0
0
0
0
0
0
0
0
0
0
0
0
0
0
0
0
0
0
0
0
0
0
0
0
0
0
0
0
0
0
0
0
0
0
0
0
0
0
0
0
0
0
0
0
0
0
0
0
0
0
0
0
0
0
0
0
0
0
0
0
0
0
0
0
0
0
0
0
0
0
0
0
0
0
0
0
0
0
0
0
0
0
0
0
0
0
0
0
0
0
0
0
0
0
0
0
0
0
0
0
0
0
0
0
0
0
0
0
0
0
0
0
0
0
0
0
0
0
0
0
0
0
0
0
0
0
0
0
0
0
0
0
0
0
0
0
0
0
0
0
0
0
0
0
0
0
0
0
0
0
0
0
0
0
0
0
0
0
0
0
0
0
0
0
0
0
0
0
0
0
0
0
0
0
0
0
0
0
0
0
0
0
0
0
0
0
0
0
0
0
0
0
0
0
0
0
0
0
0
0
0
0
0
0
0
0
0
0
0
0
0
0
0
0
0
0
0
0
0
0
0
0
0
0
0
0
0
0
0
0
0
0
0
0
0
0
0
0
0
0
0
0
0
0
0
0
0
0
0
0
0
0
0
0
0
0
0
0
0
0
0
0
0
0
0
0
0
0
0
0
0
0
0
0
0
0
0
0
0
0
0
0
0
0
0
0
0
0
0
0
0
0
0
0
0
0
0
0
0
0
0
0
0
0
0
0
0
0
0
0
0
0
0
0
0
0
0
0
0
0
0
0
0
0
0
0
0
0
0
0
0
0
0
0
0
0
0
0
0
0
0
0
0
0
0
0
0
0
0
0
0
0
0
0
0
0
0
0
0
0
0
0
0
0
0
0
0
0
0
0
0
0
0
0
0
0
0
0
0
0
0
0
0
0
0
0
0
0
0
0
0
0
0
0
0
0
0
0
0
0
0
0
0
0
0
0
0
0
0
0
0
0
0
0
0
0
0
0
0
0
0
0
0
0
0
0
0
0
0
0
0
0
0
0
0
0
0
0
0
0
0
0
0
0
0
0
0
0
0
0
0
0
0
0
0
0
0
0
0
0
0
0
0
0
0
0
0
0
0
0
0
0
0
0
0
0
0
0
0
0
0
0
0
0
0
0
0
0
0
0
0
0
0
0
0
0
0
0
0
0
0
0
0
0
0
0
0
0
0
0
0
0
0
0
0
0
0
0
0
0.04
0.09
0.15
0.2
0.25
0.31
0.36
0.41
0.47
0.52
0.57
0.63
0.68
0.73
0.79
0.84
0.89
0.95
1.0
1.05
1.11
1.16
1.21
1.27
1.32
1.37
1.43
1.48
1.53
1.59
1.64
1.69
1.75
1.8
1.85
1.91
1.96
2.01
2.07
2.12
2.17
2.23
2.28
2.33
2.39
2.44
2.49
2.55
2.6
2.65
2.71
2.76
2.81
2.87
2.92
2.97
3.03
3.08
3.13
3.19
3.24
3.29
3.35
3.4
3.45
3.51
3.56
3.61
3.67
3.72
3.77
3.83
3.88
3.93
3.99
4.04
4.09
4.15
4.2
4.25
4.31
4.36
4.41
4.47
4.52
4.57
4.63
4.68
4.73
4.79
4.84
4.89
4.95
5.0
5.05
5.11
5.16
5.21
5.27
5.32
5.37
5.43
5.48
5.53
5.59
5.64
5.69
5.75
5.8
5.85
5.91
5.96
6.01
6.07
6.12
6.17
6.23
6.28
6.33
6.39
6.44
6.49
6.55
6.6
6.65
6.71
6.76
6.81
6.87
6.92
6.97
7.03
7.08
7.13
7.19
7.24
7.29
7.35
7.4
7.45
7.51
7.56
7.61
7.67
7.72
7.77
7.83
7.88
7.93
7.99
8.04
8.09
8.15
8.2
8.25
8.31
8.36
8.41
8.47
8.52
8.57
8.63
8.68
8.73
8.79
8.84
8.89
8.95
9.0
9.05
9.11
9.16
9.21
9.27
9.32
9.37
9.43
9.48
9.53
9.59
9.64
9.69
9.75
9.8
9.85
9.91
9.96
10.01
10.07
10.12
10.17
10.23
10.28
10.33
10.39
10.44
10.49
10.55
10.6
10.65
10.71
10.76
10.81
10.87
10.92
10.97
11.03
11.08
11.13
11.19
11.24
11.29
11.35
11.4
11.45
11.51
11.56
11.61
11.67
11.72
11.77
11.83
11.88
11.93
11.99
12.04
12.09
12.15
12.2
12.25
12.31
12.36
12.41
12.47
12.52
12.57
12.63
12.68
12.73
12.79
12.84
12.89
12.95
13.0
13.05
13.11
13.16
13.21
13.27
13.32
13.37
13.43
13.48
13.53
13.59
13.64
13.69
13.75
13.8
13.85
13.91
13.96
14.01
14.07
14.12
14.17
14.23
14.28
14.33
14.39
14.44
14.49
14.55
14.6
14.65
14.71
14.76
14.81
14.87
14.92
14.97
15.03
15.08
15.13
15.19
15.24
15.29
15.35
15.4
15.45
15.51
15.56
15.61
15.67
15.72
15.77
15.83
15.88
15.93
15.99
16.04
16.09
16.15
16.2
16.25
16.31
16.36
16.41
16.47
16.52
16.57
16.63
16.68
16.73
16.79
16.84
16.89
16.95
17.0
17.05
17.11
17.16
17.21
17.27
17.32
17.37
17.43
17.48
17.53
17.59
17.64
17.69
17.75
17.8
17.85
17.91
17.96
18.01
18.07
18.12
18.17
18.23
18.28
18.33
18.39
18.44
18.49
18.55
18.6
18.65
18.71
18.76
18.81
18.87
18.92
18.97
19.03
19.08
19.13
19.19
19.24
19.29
19.35
19.4
19.45
19.51
19.56
19.61
19.67
19.72
19.77
19.83
19.88
19.93
19.99
20.04
20.09
20.15
20.2
20.25
20.31
20.36
20.41
20.47
20.52
20.57
20.63
20.68
20.73
20.79
20.84
20.89
20.95
21.0
21.05
21.11
21.16
21.21
21.27
21.32
21.37
21.43
21.48
21.53
21.59
21.64
21.69
21.75
21.8
21.85
21.91
21.96
22.01
22.07
22.12
22.17
22.23
22.28
22.33
22.39
22.44
22.49
22.55
22.6
22.65
22.71
22.76
22.81
22.87
22.92
22.97
23.03
23.08
23.13
23.19
23.24
23.29
23.35
23.4
23.45
23.51
23.56
23.61
23.67
23.72
23.77
23.83
23.88
23.93
23.99
24.04
24.09
24.15
24.2
24.25
24.31
24.36
24.41
24.47
24.52
24.57
24.63
24.68
24.73
24.79
24.84
24.89
24.95
25.0
25.05
25.11
25.16
25.21
25.27
25.32
25.37
25.43
25.48
25.53
25.59
25.64
25.69
25.75
25.8
25.85
25.91
25.96
26.01
26.07
26.12
26.17
26.23
26.28
26.33
26.39
26.44
26.49
26.55
26.6
26.65
26.71
26.76
26.81
26.87
26.92
26.97
27.03
27.08
27.13
27.19
27.24
27.29
27.35
27.4
27.45
27.51
27.56
27.61
27.67
27.72
27.77
27.83
27.88
27.93
27.99
28.04
28.09
28.15
28.2
28.25
28.31
28.36
28.41
28.47
28.52
28.57
28.63
28.68
28.73
28.79
28.84
28.89
28.95
29.0
29.05
29.11
29.16
29.21
29.27
29.32
29.37
29.43
29.48
29.53
29.59
29.64
29.69
29.75
29.8
29.85
29.91
29.96
30.01
30.07
30.12
30.17
30.23
30.28
30.33
30.39
30.44
30.49
30.55
30.6
30.65
30.71
30.76
30.81
30.87
30.92
30.97
31.03
31.08
31.13
31.19
31.24
31.29
31.35
31.4
31.45
31.51
31.56
31.61
31.67
31.72
31.77
31.83
31.88
31.93
31.99
32.04
32.09
32.15
32.2
32.25
32.31
32.36
32.41
32.47
32.52
32.57
32.63
32.68
32.73
32.79
32.84
32.89
32.95
33.0
33.05
33.11
33.16
33.21
33.27
33.32
33.37
33.43
33.48
33.53
33.59
33.64
33.69
33.75
33.8
33.85
33.91
33.96
34.01
34.07
34.12
34.17
34.23
34.28
34.33
34.39
34.44
34.49
34.55
34.6
34.65
34.71
34.76
34.81
34.87
34.92
34.97
35.03
35.08
35.13
35.19
35.24
35.29
35.35
35.4
35.45
35.51
35.56
35.61
35.67
35.72
35.77
35.83
35.88
35.93
35.99
36.04
36.09
36.15
36.2
36.25
36.31
36.36
36.41
36.47
36.52
36.57
36.63
36.68
36.73
36.79
36.84
36.89
36.95
37.0
37.05
37.11
37.16
37.21
37.27
37.32
37.37
37.43
37.48
37.53
37.59
37.64
37.69
37.75
37.8
37.85
37.91
37.96
38.01
38.07
38.12
38.17
38.23
38.28
38.33
38.39
38.44
38.49
38.55
38.6
38.65
38.71
38.76
38.81
38.87
38.92
38.97
39.03
39.08
39.13
39.19
39.24
39.29
39.35
39.4
39.45
39.51
39.56
39.61
39.67
39.72
39.77
39.83
39.88
39.93
39.99
40.04
40.09
40.15
40.2
40.25
40.31
40.36
40.41
40.47
40.52
40.57
40.63
40.68
40.73
40.79
40.84
40.89
40.95
41.0
41.05
41.11
41.16
41.21
41.27
41.32
41.37
41.43
41.48
41.53
41.59
41.64
41.69
41.75
41.8
41.85
41.91
41.96
42.01
42.07
42.12
42.17
42.23
42.28
42.33
42.39
42.44
42.49
42.55
42.6
42.65
42.71
42.76
42.81
42.87
42.92
42.97
43.03
43.08
43.13
43.19
43.24
43.29
43.35
43.4
43.45
43.51
43.56
43.61
43.67
43.72
43.77
43.83
43.88
43.93
43.99
44.04
44.09
44.15
44.2
44.25
44.31
44.36
44.41
44.47
44.52
44.57
44.63
44.68
44.73
44.79
44.84
44.89
44.95
45.0
45.05
45.11
45.16
45.21
45.27
45.32
45.37
45.43
45.48
45.53
45.59
45.64
45.69
45.75
45.8
45.85
45.91
45.96
46.01
46.07
46.12
46.17
46.23
46.28
46.33
46.39
46.44
46.49
46.55
46.6
46.65
46.71
46.76
46.81
46.87
46.92
46.97
47.03
47.08
47.13
47.19
47.24
47.29
47.35
47.4
47.45
47.51
47.56
47.61
47.67
47.72
47.77
47.83
47.88
47.93
47.99
48.04
48.09
48.15
48.2
48.25
48.31
48.36
48.41
48.47
48.52
48.57
48.63
48.68
48.73
48.79
48.84
48.89
48.95
49.0
49.05
49.11
49.16
49.21
49.27
49.32
49.37
49.43
49.48
49.53
49.59
49.64
49.69
49.75
49.8
49.85
49.91
49.96
50.01
50.07
50.12
50.17
50.23
50.28
50.33
50.39
50.44
50.49
50.55
50.6
50.65
50.71
50.76
50.81
50.87
50.92
50.97
51.03
51.08
51.13
51.19
51.24
51.29
51.35
51.4
51.45
51.51
51.56
51.61
51.67
51.72
51.77
51.83
51.88
51.93
51.99
52.04
52.09
52.15
52.2
52.25
52.31
52.36
52.41
52.47
52.52
52.57
52.63
52.68
52.73
52.79
52.84
52.89
52.95
53.0
53.05
53.11
53.16
53.21
53.27
53.32
53.37
53.43
53.48
53.53
53.59
53.64
53.69
53.75
53.8
53.85
53.91
53.96
54.01
54.07
54.12
54.17
54.23
54.28
54.33
54.39
54.44
54.49
54.55
54.6
54.65
54.71
54.76
54.81
54.87
54.92
54.97
55.03
55.08
55.13
55.19
55.24
55.29
55.35
55.4
55.45
55.51
55.56
55.61
55.67
55.72
55.77
55.83
55.88
55.93
55.99
56.04
56.09
56.15
56.2
56.25
56.31
56.36
56.41
56.47
56.52
56.57
56.63
56.68
56.73
56.79
56.84
56.89
56.95
57.0
57.05
57.11
57.16
57.21
57.27
57.32
57.37
57.43
57.48
57.53
57.59
57.64
57.69
57.75
57.8
57.85
57.91
57.96
58.01
58.07
58.12
58.17
58.23
58.28
58.33
58.39
58.44
58.49
58.55
58.6
58.65
